[symmetry]
x_axis = 402.000000
y_axis = 374.000000
