[symmetry]
x_axis = 10.000000
y_axis = 19.000000
