[symmetry]
x_axis = 8.000000
y_axis = 19.000000
