[symmetry]
x_axis = 248.000000
y_axis = 390.000000
