[symmetry]
x_axis = 522.000000
y_axis = 475.000000
