[symmetry]
x_axis = 18.000000
y_axis = 19.000000
