[symmetry]
x_axis = 250.000000
y_axis = 310.000000
