[symmetry]
x_axis = 240.000000
y_axis = 378.000000
