[symmetry]
x_axis = 242.000000
y_axis = 170.000000
