[symmetry]
x_axis = 60.000000
y_axis = 46.000000
