[symmetry]
x_axis = 11.000000
y_axis = 20.000000
