[symmetry]
x_axis = 405.000000
y_axis = 185.000000
