[symmetry]
x_axis = 25.000000
y_axis = 18.000000
