[symmetry]
x_axis = 139.000000
y_axis = 66.000000
