[symmetry]
x_axis = 13.000000
y_axis = 16.000000
