[symmetry]
x_axis = 357.000000
y_axis = 149.000000
