start=91.216000
pause=yes
sid=1
sub-delay=0.100000
sub-visibility=no
