start=712.629000
speed=3.452271
pause=yes
