start=7771.805292
volume=114.000000
sid=1
