start=370.328292
pause=yes
volume=86.000000
sid=1
