start=362.880000
pause=yes
volume=22.000000
