start=502.251750
contrast=-2
panscan=0.100000
sub-pos=98
ab-loop-a=196.613083
