start=502.066667
speed=0.826512
fullscreen=yes
