start=332.433333
pause=yes
ab-loop-a=332.200000
