start=1284.867000
pause=yes
volume=106.000000
sid=2
sub-visibility=no
